-3.910563812773831111e-02
-4.345161615886388579e-02
-4.819184245594647364e-02
-5.338640765325545351e-02
-5.908028383140624673e-02
-6.523077371693272730e-02
-7.193111447792521762e-02
-7.924045117025620144e-02
-8.710239939153099908e-02
-9.565700892846473735e-02
-1.048610212210412257e-01
-1.148718490906440320e-01
-1.257017321874938365e-01
-1.371878874561154593e-01
-1.495901976228998786e-01
-1.629629464033073294e-01
-1.772122487160749105e-01
-1.923044323550606172e-01
-2.083049436936429688e-01
-2.251870200915652431e-01
-2.429121033666825358e-01
-2.616352610437259751e-01
-2.809029830846727638e-01
-3.011436869980745890e-01
-3.216699377846637398e-01
-3.430024278988275110e-01
-3.644041999599403336e-01
-3.861344441292166585e-01
-4.077403277264406434e-01
-4.293173370296048397e-01
-4.505046708285129209e-01
-4.713032686015097283e-01
-4.916293823550436093e-01
-5.115745983440969091e-01
-5.305138116236981505e-01
-5.486148018697889484e-01
-5.657461383797895982e-01
-5.819627192795679971e-01
-5.974951467418587736e-01
-6.119906827026857510e-01
-6.255257785657658554e-01
-6.382196037212973794e-01
-6.499435615802298116e-01
-6.609514048625071414e-01
-6.712251218542388820e-01
-6.806798857506277667e-01
-6.893931211001899095e-01
-6.973601729841962804e-01
-7.049202594299173175e-01
-7.116829426322912600e-01
-7.178805089986380894e-01
-7.236427850637345838e-01
-7.290597554001458924e-01
-7.338862834450319284e-01
